160 495
325 162
21 222
391 4
326 193
83 34
264 440
410 473
338 610
259 17
0 538
274 700
381 448
406 160
404 444
22 73
165 600
356 323
257 429
313 581
403 322
345 531
197 113
413 601
452 705
304 484
217 108
45 587
153 79
531 718
312 254
302 536
25 344
308 263
347 387
293 52
262 343
434 81
231 268
51 684
135 174
494 37
32 238
82 458
239 296
310 354
103 173
279 148
245 491
34 437
188 18
186 158
525 134
134 179
498 616
435 145
298 497
512 303
60 636
481 256
290 331
162 641
334 23
209 385
284 141
155 541
358 223
396 489
228 389
26 690
474 275
252 9
240 668
127 214
40 682
